case spec-k4
V 151936
rows 40
batch_rows 8
width 5
split 128
logits_shape V rows
counts_shape rows V
seed 1592594996
valid_per_row 151936 151936 151936 151936 151936 151936 151936 151936 151936 151936 151936 151936 151936 151936 151936 151936 151936 151936 151936 151936 151936 151936 151936 151936 151936 151936 151936 151936 151936 151936 151936 151936 151936 151936 151936 151936 151936 151936 151936 151936
temperature 1 1 1 1 1 1 1 1 1 1 1 1 1 1 1 1 1 1 1 1 1 1 1 1 1 1 1 1 1 1 1 1 1 1 1 1 1 1 1 1
presence 0 0 0 0 0 0 0 0 0 0 0 0 0 0 0 0 0 0 0 0 0 0 0 0 0 0 0 0 0 0 0 0 0 0 0 0 0 0 0 0
frequency 0 0 0 0 0 0 0 0 0 0 0 0 0 0 0 0 0 0 0 0 0 0 0 0 0 0 0 0 0 0 0 0 0 0 0 0 0 0 0 0
